#1
char Aclass(3,11)
Atrajectory
1.1

char name(7,6)
time
h
der(h)
v
der(v)
g
e

char description(7,31)
Time in [s]
height, used as state
velocity of ball
velocity of ball, used as state
acceleration of ball
acceleration of gravity
dimensionless parameter

int dataInfo(7,4)
0 1 0 -1 # time
2 2 0 -1 # h
2 3 0 -1 # der(h)
2 4 0 -1 # v
2 5 0 -1 # der(v)
2 -5 0 -1 # g
1 2 0 -1 # e

float data_1(2,2)
0.00000000000000E+00 7.00000000000000E-01
6.00000000000000E+00         7.00000000000000E-01

float data_2(280,5)                          
 0.00000000000000E+00 1.00000000000000E+00 0.00000000000000E+00 0.00000000000000E+00 -9.81000000000000E+00
 1.72332075201680E-09 1.00000000000000E+00 -1.69057765772848E-08 -1.69057765772848E-08 -9.81000000000000E+00
 1.72349308409200E-05 9.99999997086301E-01 -1.69074671549425E-04 -1.69074671549425E-04 -9.81000000000000E+00
 1.89567006042600E-04 9.99999773722141E-01 -1.85965232927790E-03 -1.85965232927790E-03 -9.81000000000000E+00
 1.55569273522056E-03 9.99987061870929E-01 -1.52613457325137E-02 -1.52613457325137E-02 -9.81000000000000E+00
 5.48953420793417E-03 9.99848309436405E-01 -5.38523305798342E-02 -5.38523305798342E-02 -9.81000000000000E+00
 1.36439735259088E-02 9.99078989850828E-01 -1.33847380289165E-01 -1.33847380289165E-01 -9.81000000000000E+00
 2.87209505998456E-02 9.95941406325773E-01 -2.81752525384485E-01 -2.81752525384485E-01 -9.81000000000000E+00
 5.54619124599738E-02 9.84894798759073E-01 -5.44081361232343E-01 -5.44081361232343E-01 -9.81000000000000E+00
 1.02137254573989E-01 9.48808756964134E-01 -1.00196646737083E+00 -1.00196646737083E+00 -9.81000000000000E+00
 1.82918392850611E-01 8.35855856447975E-01 -1.79442943386450E+00 -1.79442943386450E+00 -9.81000000000000E+00
 3.21111476547194E-01 4.94200964743983E-01 -3.15010358492797E+00 -3.15010358492797E+00 -9.81000000000000E+00
 4.51515655713915E-01 -4.82947015711943E-14 -4.42936858255351E+00 -4.42936858255351E+00 -9.81000000000000E+00
 4.51515655713915E-01 -4.82947015711943E-14 3.10055800778746E+00 3.10055800778746E+00 -9.81000000000000E+00
 4.51515655713934E-01 1.00911826334298E-14 3.10055800778727E+00 3.10055800778727E+00 -9.81000000000000E+00
 4.51515655713934E-01 1.00911826334298E-14 3.10055800778727E+00 3.10055800778727E+00 -9.81000000000000E+00
 4.51515659802189E-01 1.26758817458501E-08 3.10055796768149E+00 3.10055796768149E+00 -9.81000000000000E+00
 4.51556542352320E-01 1.26754996162121E-04 3.10015690986471E+00 3.10015690986471E+00 -9.81000000000000E+00
 4.51965367853626E-01 1.39308511454588E-03 3.09614633169689E+00 3.09614633169689E+00 -9.81000000000000E+00
 4.52374193354932E-01 2.65795778703631E-03 3.09213575352908E+00 3.09213575352908E+00 -9.81000000000000E+00
 4.52783018856239E-01 3.92125155980899E-03 3.08812517536126E+00 3.08812517536126E+00 -9.81000000000000E+00
 4.53693728454265E-01 6.72951840500355E-03 3.07919111420462E+00 3.07919111420462E+00 -9.81000000000000E+00
 4.55432393300411E-01 1.20683111344530E-02 3.06213481206393E+00 3.06213481206393E+00 -9.81000000000000E+00
 4.58749205622145E-01 2.21708024874920E-02 3.02959688318772E+00 3.02959688318772E+00 -9.81000000000000E+00
 4.65255964095281E-01 4.16758952938885E-02 2.96576558256626E+00 2.96576558256626E+00 -9.81000000000000E+00
 4.78569118570243E-01 8.02900955239549E-02 2.83516353716688E+00 2.83516353716688E+00 -9.81000000000000E+00
 5.07093823314793E-01 1.57171099240891E-01 2.55533618362284E+00 2.55533618362284E+00 -9.81000000000000E+00
 5.70918551268821E-01 3.00283409730238E-01 1.92921560239383E+00 1.92921560239383E+00 -9.81000000000000E+00
 7.18643822783465E-01 4.78236086741546E-01 4.80030688835173E-01 4.80030688835173E-01 -9.81000000000000E+00
 1.06479010055663E+00 5.66922272832084E-02 -2.91566429611953E+00 -2.91566429611953E+00 -9.81000000000000E+00
 1.08363655607863E+00 -9.85878045867139E-14 -3.10054802479043E+00 -3.10054802479043E+00 -9.81000000000000E+00
 1.08363655607863E+00 -9.85878045867139E-14 2.17038361735330E+00 2.17038361735330E+00 -9.81000000000000E+00
 1.08363655607870E+00 3.57204506210030E-14 2.17038361735269E+00 2.17038361735269E+00 -9.81000000000000E+00
 1.08363655607870E+00 3.57204506210030E-14 2.17038361735269E+00 2.17038361735269E+00 -9.81000000000000E+00
 1.08363656142084E+00 1.15945347785229E-08 2.17038356494627E+00 2.17038356494627E+00 -9.81000000000000E+00
 1.08368998284941E+00 1.15928588856515E-04 2.16985950073202E+00 2.16985950073202E+00 -9.81000000000000E+00
 1.08422419713509E+00 1.27323211480807E-03 2.16461885858946E+00 2.16461885858946E+00 -9.81000000000000E+00
 1.08475841142077E+00 2.42804708440522E-03 2.15937821644690E+00 2.15937821644690E+00 -9.81000000000000E+00
 1.08529262570646E+00 3.58016611795175E-03 2.15413757430435E+00 2.15413757430435E+00 -9.81000000000000E+00
 1.08628220894832E+00 5.70700191777528E-03 2.14442976270165E+00 2.14442976270165E+00 -9.81000000000000E+00
 1.08806114184426E+00 9.50621231356581E-03 2.12697843099249E+00 2.12697843099249E+00 -9.81000000000000E+00
 1.09133777927583E+00 1.64228154075049E-02 2.09483461778879E+00 2.09483461778879E+00 -9.81000000000000E+00
 1.09756132404601E+00 2.92700426090976E-02 2.03378164359333E+00 2.03378164359333E+00 -9.81000000000000E+00
 1.10985319584915E+00 5.35278158914003E-02 1.91319838120451E+00 1.91319838120451E+00 -9.81000000000000E+00
 1.13521708238082E+00 9.88982845682835E-02 1.66437865432882E+00 1.66437865432882E+00 -9.81000000000000E+00
 1.18984268859020E+00 1.75179421288177E-01 1.12850145741479E+00 1.12850145741479E+00 -9.81000000000000E+00
 1.31151004032414E+00 2.39872352498595E-01 -6.50552630951650E-02 -6.50552630951650E-02 -9.81000000000000E+00
 1.52611929487727E+00 -1.01307850997046E-14 -2.17037205026130E+00 -2.17037205026130E+00 -9.81000000000000E+00
 1.52611929487727E+00 -1.01307850997046E-14 1.51926043518291E+00 1.51926043518291E+00 -9.81000000000000E+00
 1.52611929487728E+00 1.56103558182054E-14 1.51926043518274E+00 1.51926043518274E+00 -9.81000000000000E+00
 1.52611929487728E+00 1.56103558182054E-14 1.51926043518274E+00 1.51926043518274E+00 -9.81000000000000E+00
 1.52611930185790E+00 1.06053877217466E-08 1.51926036670291E+00 1.51926036670291E+00 -9.81000000000000E+00
 1.52618910801058E+00 1.06016523362915E-04 1.51857556834515E+00 1.51857556834515E+00 -9.81000000000000E+00
 1.52688716953734E+00 1.16288882720054E-03 1.51172758476755E+00 1.51172758476755E+00 -9.81000000000000E+00
 1.52758523106411E+00 2.21551196315242E-03 1.50487960118995E+00 1.50487960118995E+00 -9.81000000000000E+00
 1.52828329259088E+00 3.26353183389475E-03 1.49803161761236E+00 1.49803161761236E+00 -9.81000000000000E+00
 1.52935896855288E+00 4.86918289633282E-03 1.48747923642516E+00 1.48747923642516E+00 -9.81000000000000E+00
 1.53118082906765E+00 7.56281502856306E-03 1.46960678477523E+00 1.46960678477523E+00 -9.81000000000000E+00
 1.53442783049472E+00 1.22828459137638E-02 1.43775370077569E+00 1.43775370077569E+00 -9.81000000000000E+00
 1.54042325410676E+00 2.07263970455353E-02 1.37893859514161E+00 1.37893859514161E+00 -9.81000000000000E+00
 1.55189914773552E+00 3.59048816879110E-02 1.26636007864343E+00 1.26636007864343E+00 -9.81000000000000E+00
 1.57475616467218E+00 6.22873812506107E-02 1.04213274249482E+00 1.04213274249482E+00 -9.81000000000000E+00
 1.62213516926115E+00 1.00651809552153E-01 5.77344707477043E-01 5.77344707477043E-01 -9.81000000000000E+00
 1.72342276271058E+00 1.08808120340135E-01 -4.16286584261850E-01 -4.16286584261850E-01 -9.81000000000000E+00
 1.83585474393845E+00 -4.62130334000221E-14 -1.51924432010727E+00 -1.51924432010727E+00 -9.81000000000000E+00
 1.83585474393845E+00 -4.62130334000221E-14 1.06347102407509E+00 1.06347102407509E+00 -9.81000000000000E+00
 1.83585474393852E+00 3.16607178579420E-14 1.06347102407437E+00 1.06347102407437E+00 -9.81000000000000E+00
 1.83585474393852E+00 3.16607178579420E-14 1.06347102407437E+00 1.06347102407437E+00 -9.81000000000000E+00
 1.83585475306018E+00 9.70064631613682E-09 1.06347093459094E+00 1.06347093459094E+00 -9.81000000000000E+00
 1.83594596960724E+00 9.69342235030336E-05 1.06257610026426E+00 1.06257610026426E+00 -9.81000000000000E+00
 1.83685813507786E+00 1.06073787223873E-03 1.05362775699747E+00 1.05362775699747E+00 -9.81000000000000E+00
 1.83777030054848E+00 2.01728608119913E-03 1.04467941373069E+00 1.04467941373069E+00 -9.81000000000000E+00
 1.83868246601910E+00 2.96597423040295E-03 1.03573107046391E+00 1.03573107046391E+00 -9.81000000000000E+00
 1.83959463148972E+00 3.90660077985643E-03 1.02678272719713E+00 1.02678272719713E+00 -9.81000000000000E+00
 1.84132476464754E+00 5.66832876607068E-03 1.00981012091888E+00 1.00981012091888E+00 -9.81000000000000E+00
 1.84443870548994E+00 8.76519054369314E-03 9.79262361254980E-01 9.79262361254980E-01 -9.81000000000000E+00
 1.85012921989663E+00 1.41787910067412E-02 9.23438414925303E-01 9.23438414925303E-01 -9.81000000000000E+00
 1.86078164106341E+00 2.34589707446671E-02 8.18938163279194E-01 8.18938163279194E-01 -9.81000000000000E+00
 1.88137554657152E+00 3.82437458376553E-02 6.16911950244633E-01 6.16911950244633E-01 -9.81000000000000E+00
 1.92258149098210E+00 5.53356983867518E-02 2.12681635576868E-01 2.12681635576868E-01 -9.81000000000000E+00
 2.00712804959477E+00 3.82554694197495E-02 -6.16720104413417E-01 -6.16720104413417E-01 -9.81000000000000E+00
 2.05266567307175E+00 -5.08204589522165E-14 -1.06344419072261E+00 -1.06344419072261E+00 -9.81000000000000E+00
 2.05266567307175E+00 -5.08204589522165E-14 7.44410933505824E-01 7.44410933505824E-01 -9.81000000000000E+00
 2.05266567307183E+00 1.00596239824514E-14 7.44410933505022E-01 7.44410933505022E-01 -9.81000000000000E+00
 2.05266567307183E+00 1.00596239824514E-14 7.44410933505022E-01 7.44410933505022E-01 -9.81000000000000E+00
 2.05266568499134E+00 8.87302047298728E-09 7.44410816574652E-01 7.44410816574652E-01 -9.81000000000000E+00
 2.05278488006771E+00 8.85996019103771E-05 7.43241512875444E-01 7.43241512875444E-01 -9.81000000000000E+00
 2.05334544743635E+00 5.03181439079163E-04 7.37742346989095E-01 7.37742346989095E-01 -9.81000000000000E+00
 2.05390601480499E+00 9.15023140291842E-04 7.32243181102747E-01 7.32243181102747E-01 -9.81000000000000E+00
 2.05446658217363E+00 1.32389636088541E-03 7.26744015216398E-01 7.26744015216398E-01 -9.81000000000000E+00
 2.05542959133651E+00 2.01915251668774E-03 7.17296895328520E-01 7.17296895328520E-01 -9.81000000000000E+00
 2.05709142213427E+00 3.19757679517576E-03 7.00994335202525E-01 7.00994335202525E-01 -9.81000000000000E+00
 2.06002365004019E+00 5.21082110006133E-03 6.72229179445415E-01 6.72229179445415E-01 -9.81000000000000E+00
 2.06529329412593E+00 8.61695966436707E-03 6.20533970964348E-01 6.20533970964348E-01 -9.81000000000000E+00
 2.07497768052409E+00 1.41663533947543E-02 5.25530140398384E-01 5.25530140398384E-01 -9.81000000000000E+00
 2.09326983367448E+00 2.21381207630619E-02 3.46084117993035E-01 3.46084117993035E-01 -9.81000000000000E+00
 2.12882474290907E+00 2.82423417028722E-02 -2.70954159829886E-03 -2.70954159829886E-03 -9.81000000000000E+00
 2.19916073959735E+00 3.78584374312724E-03 -6.92705669110338E-01 -6.92705669110338E-01 -9.81000000000000E+00
 2.20442945792958E+00 -3.41116024316079E-14 -7.44391795949505E-01 -7.44391795949505E-01 -9.81000000000000E+00
 2.20442945792958E+00 -3.41116024316079E-14 5.21074257164653E-01 5.21074257164653E-01 -9.81000000000000E+00
 2.20442945792967E+00 1.00812268480501E-14 5.21074257163821E-01 5.21074257163821E-01 -9.81000000000000E+00
 2.20442945792967E+00 1.00812268480501E-14 5.21074257163821E-01 5.21074257163821E-01 -9.81000000000000E+00
 2.20442947350521E+00 8.11602152632552E-09 5.21074104367757E-01 5.21074104367757E-01 -9.81000000000000E+00
 2.20458522892228E+00 8.09302423255316E-05 5.19546143726285E-01 5.19546143726285E-01 -9.81000000000000E+00
 2.20519792632008E+00 3.96799709040139E-04 5.13535582253890E-01 5.13535582253890E-01 -9.81000000000000E+00
 2.20581062371787E+00 7.09395704311690E-04 5.07525020781495E-01 5.07525020781495E-01 -9.81000000000000E+00
 2.20642332111567E+00 1.01844543885326E-03 5.01514459309100E-01 5.01514459309100E-01 -9.81000000000000E+00
 2.20740903296195E+00 1.50796951043812E-03 4.91844626097066E-01 4.91844626097066E-01 -9.81000000000000E+00
 2.20907095773762E+00 2.31177494859356E-03 4.75541144047787E-01 4.75541144047787E-01 -9.81000000000000E+00
 2.21196248241162E+00 3.64574735678805E-03 4.47175286995862E-01 4.47175286995862E-01 -9.81000000000000E+00
 2.21708904392382E+00 5.80924861834366E-03 3.96883718561144E-01 3.96883718561144E-01 -9.81000000000000E+00
 2.22634644744884E+00 9.06294113893778E-03 3.06068589980693E-01 3.06068589980693E-01 -9.81000000000000E+00
 2.24341613845843E+00 1.28581735947594E-02 1.38614921176671E-01 1.38614921176671E-01 -9.81000000000000E+00
 2.27553457776233E+00 1.22502135631858E-02 -1.76466968394652E-01 -1.76466968394652E-01 -9.81000000000000E+00
 2.31065978299986E+00 -1.01099684179928E-14 -5.21045231774752E-01 -5.21045231774752E-01 -9.81000000000000E+00
 2.31065978299986E+00 -1.01099684179928E-14 3.64731662242326E-01 3.64731662242326E-01 -9.81000000000000E+00
 2.31065978299991E+00 1.00446995762494E-14 3.64731662241784E-01 3.64731662241784E-01 -9.81000000000000E+00
 2.31065978299991E+00 1.00446995762494E-14 3.64731662241784E-01 3.64731662241784E-01 -9.81000000000000E+00
 2.31065980335335E+00 7.42354917964075E-09 3.64731462574559E-01 3.64731462574559E-01 -9.81000000000000E+00
 2.31086333773129E+00 7.38364234547370E-05 3.62734790326991E-01 3.62734790326991E-01 -9.81000000000000E+00
 2.31153303063470E+00 3.13824223012555E-04 3.56165102944510E-01 3.56165102944510E-01 -9.81000000000000E+00
 2.31220272353811E+00 5.49901202110206E-04 3.49595415562030E-01 3.49595415562030E-01 -9.81000000000000E+00
 2.31287241644152E+00 7.81741459042676E-04 3.43025728179550E-01 3.43025728179550E-01 -9.81000000000000E+00
 2.31388272581441E+00 1.12323510052506E-03 3.33114593231547E-01 3.33114593231547E-01 -9.81000000000000E+00
 2.31554865567927E+00 1.66451167346311E-03 3.16771821257237E-01 3.16771821257237E-01 -9.81000000000000E+00
 2.31841124582292E+00 2.53105078993692E-03 2.88689811948074E-01 2.88689811948074E-01 -9.81000000000000E+00
 2.32343080227121E+00 3.85650296789920E-03 2.39447963190357E-01 2.39447963190357E-01 -9.81000000000000E+00
 2.33236792937914E+00 5.60464679639622E-03 1.51774746261549E-01 1.51774746261549E-01 -9.81000000000000E+00
 2.34851775987340E+00 6.77641071868232E-03 -6.65509088718901E-03 -6.65509088718901E-03 -9.81000000000000E+00
 2.37802534517553E+00 2.30919105001410E-03 -2.96124502701074E-01 -2.96124502701074E-01 -9.81000000000000E+00
 2.38501425580085E+00 -1.94358418248441E-14 -3.64685715935435E-01 -3.64685715935435E-01 -9.81000000000000E+00
 2.38501425580085E+00 -1.94358418248441E-14 2.55280001154805E-01 2.55280001154805E-01 -9.81000000000000E+00
 2.38501425580096E+00 1.00306058140652E-14 2.55280001153672E-01 2.55280001153672E-01 -9.81000000000000E+00
 2.38501425580096E+00 1.00306058140652E-14 2.55280001153672E-01 2.55280001153672E-01 -9.81000000000000E+00
 2.38501428239935E+00 6.79003901285588E-09 2.55279740223509E-01 2.55279740223509E-01 -9.81000000000000E+00
 2.38523170154844E+00 5.50457645815967E-05 2.53146858370906E-01 2.53146858370906E-01 -9.81000000000000E+00
 2.38591586325304E+00 2.25177925581735E-04 2.46435232048790E-01 2.46435232048790E-01 -9.81000000000000E+00
 2.38660002495764E+00 3.91228453066166E-04 2.39723605726674E-01 2.39723605726674E-01 -9.81000000000000E+00
 2.38728418666224E+00 5.52857210908581E-04 2.33011979404558E-01 2.33011979404558E-01 -9.81000000000000E+00
 2.38796834836684E+00 7.09950820400210E-04 2.26300353082442E-01 2.26300353082442E-01 -9.81000000000000E+00
 2.38943602180694E+00 1.03147666746832E-03 2.11902476635102E-01 2.11902476635102E-01 -9.81000000000000E+00
 2.39213171031284E+00 1.56700750199807E-03 1.85457772392138E-01 1.85457772392138E-01 -9.81000000000000E+00
 2.39695448056683E+00 2.34728961567524E-03 1.38146396200532E-01 1.38146396200532E-01 -9.81000000000000E+00
 2.40553749793561E+00 3.17160500141807E-03 5.39469958128057E-02 5.39469958128057E-02 -9.81000000000000E+00
 2.42087042996903E+00 2.84555239778716E-03 -9.64690674350203E-02 -9.64690674350203E-02 -9.81000000000000E+00
 2.43705254283876E+00 -1.00267016911459E-14 -2.55215594687112E-01 -2.55215594687112E-01 -9.81000000000000E+00
 2.43705254283876E+00 -1.00267016911459E-14 1.78650916280979E-01 1.78650916280979E-01 -9.81000000000000E+00
 2.43705254283891E+00 1.61681552166954E-14 1.78650916279540E-01 1.78650916279540E-01 -9.81000000000000E+00
 2.43705254283891E+00 1.61681552166954E-14 1.78650916279540E-01 1.78650916279540E-01 -9.81000000000000E+00
 2.43705257760164E+00 6.21039877446683E-09 1.78650575257110E-01 1.78650575257110E-01 -9.81000000000000E+00
 2.43727041494927E+00 3.84574628550811E-05 1.76513590876913E-01 1.76513590876913E-01 -9.81000000000000E+00
 2.43795463834746E+00 1.56170414584039E-04 1.69801359340676E-01 1.69801359340676E-01 -9.81000000000000E+00
 2.43863886174565E+00 2.69800996649746E-04 1.63089127804439E-01 1.63089127804439E-01 -9.81000000000000E+00
 2.43932308514384E+00 3.79009011580264E-04 1.56376896268202E-01 1.56376896268202E-01 -9.81000000000000E+00
 2.44000730854203E+00 4.83681060218281E-04 1.49664664731966E-01 1.49664664731966E-01 -9.81000000000000E+00
 2.44146692169892E+00 6.91640611904626E-04 1.35345859662884E-01 1.35345859662884E-01 -9.81000000000000E+00
 2.44413885450828E+00 1.01820972110420E-03 1.09134198803000E-01 1.09134198803000E-01 -9.81000000000000E+00
 2.44889784327141E+00 1.42643903933829E-03 6.24485190367271E-02 6.24485190367271E-02 -9.81000000000000E+00
 2.45730628919553E+00 1.60468805012862E-03 -2.00383354789258E-02 -2.00383354789258E-02 -9.81000000000000E+00
 2.47214837264017E+00 2.26712609273888E-04 -1.65639174070810E-01 -1.65639174070810E-01 -9.81000000000000E+00
 2.47346566722788E+00 -1.49715309594178E-14 -1.78561833976251E-01 -1.78561833976251E-01 -9.81000000000000E+00
 2.47346566722788E+00 -1.49715309594178E-14 1.24993283783376E-01 1.24993283783376E-01 -9.81000000000000E+00
 2.47346566722808E+00 1.00024552357188E-14 1.24993283781416E-01 1.24993283781416E-01 -9.81000000000000E+00
 2.47346566722808E+00 1.00024552357188E-14 1.24993283781416E-01 1.24993283781416E-01 -9.81000000000000E+00
 2.47346571266960E+00 5.67987475070868E-09 1.24992838000089E-01 1.24992838000089E-01 -9.81000000000000E+00
 2.47368387127955E+00 2.68070545798977E-05 1.22852702036458E-01 1.22852702036458E-01 -9.81000000000000E+00
 2.47436816594197E+00 1.07812087777219E-04 1.16139771398125E-01 1.16139771398125E-01 -9.81000000000000E+00
 2.47505246060439E+00 1.84733900881206E-04 1.09426840759793E-01 1.09426840759793E-01 -9.81000000000000E+00
 2.47573675526681E+00 2.57232225550748E-04 1.02713910121461E-01 1.02713910121461E-01 -9.81000000000000E+00
 2.47642104992923E+00 3.25193639005475E-04 9.60009794831288E-02 9.60009794831288E-02 -9.81000000000000E+00
 2.47787498255850E+00 4.54361147605666E-04 8.17379003899938E-02 8.17379003899938E-02 -9.81000000000000E+00
 2.48053012368410E+00 6.36760231367843E-04 5.56909659478036E-02 5.56909659478036E-02 -9.81000000000000E+00
 2.48524395641327E+00 7.90238119712970E-04 9.44826687466993E-03 9.44826687466993E-03 -9.81000000000000E+00
 2.49352840901359E+00 5.31819809709613E-04 -7.18222131344577E-02 -7.18222131344577E-02 -9.81000000000000E+00
 2.49893576521611E+00 -1.00021987220478E-14 -1.24868377481150E-01 -1.24868377481150E-01 -9.81000000000000E+00
 2.49893576521611E+00 -1.00021987220478E-14 8.74078642368050E-02 8.74078642368050E-02 -9.81000000000000E+00
 2.49893576521636E+00 1.24063100619201E-14 8.74078642342900E-02 8.74078642342900E-02 -9.81000000000000E+00
 2.49893576521636E+00 1.24063100619201E-14 8.74078642342900E-02 8.74078642342900E-02 -9.81000000000000E+00
 2.49893582463942E+00 5.19402028960126E-09 8.74072812940981E-02 8.74072812940981E-02 -9.81000000000000E+00
 2.49915422995701E+00 1.86274633907719E-05 8.52647251285922E-02 8.52647251285922E-02 -9.81000000000000E+00
 2.49983859627349E+00 7.39167128042603E-05 7.85510915639079E-02 7.85510915639079E-02 -9.81000000000000E+00
 2.50052296258997E+00 1.25121886952975E-04 7.18374579992237E-02 7.18374579992237E-02 -9.81000000000000E+00
 2.50120732890645E+00 1.71902646231519E-04 6.51238244345395E-02 6.51238244345395E-02 -9.81000000000000E+00
 2.50189169522293E+00 2.14145544104760E-04 5.84101908698552E-02 5.84101908698552E-02 -9.81000000000000E+00
 2.50334163549505E+00 2.88482483375317E-04 4.41862768003495E-02 4.41862768003495E-02 -9.81000000000000E+00
 2.50598493800681E+00 3.70961696939150E-04 1.82554791600378E-02 1.82554791600378E-02 -9.81000000000000E+00
 2.51066688992839E+00 3.48862904051387E-04 -2.76744691906780E-02 -2.76744691906780E-02 -9.81000000000000E+00
 2.51673812567619E+00 -1.24277487172780E-14 -8.72332918765932E-02 -8.72332918765932E-02 -9.81000000000000E+00
 2.51673812567619E+00 -1.24277487172780E-14 6.10633043136152E-02 6.10633043136152E-02 -9.81000000000000E+00
 2.51673812567656E+00 1.00007250402295E-14 6.10633043100120E-02 6.10633043100120E-02 -9.81000000000000E+00
 2.51673812567656E+00 1.00007250402295E-14 6.10633043100120E-02 6.10633043100120E-02 -9.81000000000000E+00
 2.51673820344128E+00 4.74852181946790E-09 6.10625414380475E-02 6.10625414380475E-02 -9.81000000000000E+00
 2.51695679825672E+00 1.28839454657429E-05 5.89181262986478E-02 5.89181262986478E-02 -9.81000000000000E+00
 2.51764123160315E+00 5.01458193164452E-05 5.22038351701603E-02 5.22038351701603E-02 -9.81000000000000E+00
 2.51832566494958E+00 8.33228178373856E-05 4.54895440416729E-02 4.54895440416729E-02 -9.81000000000000E+00
 2.51901009829601E+00 1.12074534751084E-04 3.87752529131854E-02 3.87752529131854E-02 -9.81000000000000E+00
 2.51969453164244E+00 1.36287501298380E-04 3.20609617846979E-02 3.20609617846979E-02 -9.81000000000000E+00
 2.52114167086649E+00 1.72369795066901E-04 1.78645259967523E-02 1.78645259967523E-02 -9.81000000000000E+00
 2.52377663928965E+00 1.85339838932820E-04 -7.98451423445370E-03 -7.98451423445370E-03 -9.81000000000000E+00
 2.52843611972030E+00 4.15961908380740E-05 -5.36940172591139E-02 -5.36940172591139E-02 -9.81000000000000E+00
 2.52916245821492E+00 -1.00008976794408E-14 -6.08193978913548E-02 -6.08193978913548E-02 -9.81000000000000E+00
 2.52916245821492E+00 -1.00008976794408E-14 4.25735785239483E-02 4.25735785239483E-02 -9.81000000000000E+00
 2.52916245821542E+00 1.11883840848992E-14 4.25735785190657E-02 4.25735785190657E-02 -9.81000000000000E+00
 2.52916245821542E+00 1.11883840848992E-14 4.25735785190657E-02 4.25735785190657E-02 -9.81000000000000E+00
 2.52916256013620E+00 4.33904179128197E-09 4.25725786761730E-02 4.25725786761730E-02 -9.81000000000000E+00
 2.52938130068192E+00 8.84730488151396E-06 4.04267339227103E-02 4.04267339227103E-02 -9.81000000000000E+00
 2.53006579408340E+00 3.34549433378562E-05 3.37118536542292E-02 3.37118536542292E-02 -9.81000000000000E+00
 2.53075028748487E+00 5.39769895848849E-05 2.69969733857481E-02 2.69969733857481E-02 -9.81000000000000E+00
 2.53143478088635E+00 7.00729776051573E-05 2.02820931172671E-02 2.02820931172671E-02 -9.81000000000000E+00
 2.53211927428782E+00 8.16294187261924E-05 1.35672128487860E-02 1.35672128487860E-02 -9.81000000000000E+00
 2.53356444938728E+00 9.09500146289299E-05 -6.09954876924468E-04 -6.09954876924468E-04 -9.81000000000000E+00
 2.53619355240090E+00 5.53956165994643E-05 -2.64014554405122E-02 -2.64014554405122E-02 -9.81000000000000E+00
 2.53780704077166E+00 -1.10311607938451E-14 -4.22297763576740E-02 -4.22297763576740E-02 -9.81000000000000E+00
 2.53780704077166E+00 -1.10311607938451E-14 2.95608434503718E-02 2.95608434503718E-02 -9.81000000000000E+00
 2.53780704077240E+00 1.08244515798094E-14 2.95608434431185E-02 2.95608434431185E-02 -9.81000000000000E+00
 2.53780704077240E+00 1.08244515798094E-14 2.95608434431185E-02 2.95608434431185E-02 -9.81000000000000E+00
 2.53780717476483E+00 3.96076389018348E-09 2.95595289773974E-02 2.95595289773974E-02 -9.81000000000000E+00
 2.53802602773478E+00 6.00328560466586E-06 2.74125813421716E-02 2.74125813421716E-02 -9.81000000000000E+00
 2.53871057353374E+00 2.17037897022530E-05 2.06971870544437E-02 2.06971870544437E-02 -9.81000000000000E+00
 2.53939511933269E+00 3.33180760683056E-05 1.39817927667158E-02 1.39817927667158E-02 -9.81000000000000E+00
 2.54007966513164E+00 4.05056265585290E-05 7.26639847898784E-03 7.26639847898784E-03 -9.81000000000000E+00
 2.54076421093059E+00 4.31529351248251E-05 5.51004191259922E-04 5.51004191259922E-04 -9.81000000000000E+00
 2.54220800706321E+00 3.36816915006255E-05 -1.36126358696889E-02 -1.36126358696889E-02 -9.81000000000000E+00
 2.54378422357088E+00 -1.08174984269661E-14 -2.90753198099408E-02 -2.90753198099408E-02 -9.81000000000000E+00
 2.54378422357088E+00 -1.08174984269661E-14 2.03527238669586E-02 2.03527238669586E-02 -9.81000000000000E+00
 2.54378422357190E+00 1.00001817666147E-14 2.03527238569236E-02 2.03527238569236E-02 -9.81000000000000E+00
 2.54378422357190E+00 1.00001817666147E-14 2.03527238569236E-02 2.03527238569236E-02 -9.81000000000000E+00
 2.54378440084832E+00 3.60775968878159E-09 2.03509847752607E-02 2.03509847752607E-02 -9.81000000000000E+00
 2.54400334113032E+00 3.98901725549221E-06 1.82031806088365E-02 1.82031806088365E-02 -9.81000000000000E+00
 2.54468793200753E+00 1.33856817001859E-05 1.14873441034284E-02 1.14873441034284E-02 -9.81000000000000E+00
 2.54537252288474E+00 1.86955902298387E-05 4.77150759802044E-03 4.77150759802044E-03 -9.81000000000000E+00
 2.54605711376194E+00 1.95781798515303E-05 -1.94432890738758E-03 -1.94432890738758E-03 -9.81000000000000E+00
 2.54674170463915E+00 1.59199295676209E-05 -8.66016541279559E-03 -8.66016541279559E-03 -9.81000000000000E+00
 2.54786311792871E+00 -1.05579200980824E-14 -1.96612297833679E-02 -1.96612297833679E-02 -9.81000000000000E+00
 2.54786311792871E+00 -1.05579200980824E-14 1.37628608483576E-02 1.37628608483576E-02 -9.81000000000000E+00
 2.54786311793023E+00 1.03909639170453E-14 1.37628608334229E-02 1.37628608334229E-02 -9.81000000000000E+00
 2.54786311793023E+00 1.03909639170453E-14 1.37628608334229E-02 1.37628608334229E-02 -9.81000000000000E+00
 2.54786335566152E+00 3.27131853584377E-09 1.37605286895333E-02 1.37605286895333E-02 -9.81000000000000E+00
 2.54808236472661E+00 2.54641548052785E-06 1.16120497609416E-02 1.16120497609416E-02 -9.81000000000000E+00
 2.54876699437594E+00 7.43095490727115E-06 4.89583290102087E-03 4.89583290102087E-03 -9.81000000000000E+00
 2.54945162402527E+00 8.22827549523471E-06 -1.82038395889983E-03 -1.82038395889983E-03 -9.81000000000000E+00
 2.55013625367460E+00 4.59777567452020E-06 -8.53660081882053E-03 -8.53660081882053E-03 -9.81000000000000E+00
 2.55056591306092E+00 -1.03625536428641E-14 -1.27515593985791E-02 -1.27515593985791E-02 -9.81000000000000E+00
 2.55056591306092E+00 -1.03625536428641E-14 8.92609157900539E-03 8.92609157900539E-03 -9.81000000000000E+00
 2.55056591306323E+00 1.02526401234867E-14 8.92609155634175E-03 8.92609155634175E-03 -9.81000000000000E+00
 2.55056591306323E+00 1.02526401234867E-14 8.92609155634175E-03 8.92609155634175E-03 -9.81000000000000E+00
 2.55056619493528E+00 2.51524658459707E-09 8.92332639149919E-03 8.92332639149919E-03 -9.81000000000000E+00
 2.55078523560047E+00 1.48641443949424E-06 6.77453746597332E-03 6.77453746597332E-03 -9.81000000000000E+00
 2.55146987398977E+00 3.05903046282767E-06 5.82348669966827E-05 5.82348669966827E-05 -9.81000000000000E+00
 2.55215451237906E+00 5.44323292048944E-07 -6.65806773197995E-03 -6.65806773197995E-03 -9.81000000000000E+00
 2.55222947864058E+00 -1.00004512930776E-14 -7.39348675746133E-03 -7.39348675746133E-03 -9.81000000000000E+00
 2.55222947864058E+00 -1.00004512930776E-14 5.17544073022293E-03 5.17544073022293E-03 -9.81000000000000E+00
 2.55222947864444E+00 1.00002452860208E-14 5.17544069229833E-03 5.17544069229833E-03 -9.81000000000000E+00
 2.55222947864444E+00 1.00002452860208E-14 5.17544069229833E-03 5.17544069229833E-03 -9.81000000000000E+00
 2.55222966604907E+00 9.69566984127243E-10 5.17360225293889E-03 5.17360225293889E-03 -9.81000000000000E+00
 2.55244862094549E+00 6.63451482598276E-07 3.02565471905903E-03 3.02565471905903E-03 -9.81000000000000E+00
 2.55303523452394E+00 -1.00822303653713E-14 -2.72902448558207E-03 -2.72902448558207E-03 -9.81000000000000E+00
 2.55303523452394E+00 -1.00822303653713E-14 1.91031713990745E-03 1.91031713990745E-03 -9.81000000000000E+00
 2.55303523453446E+00 1.00000072004087E-14 1.91031703673254E-03 1.91031703673254E-03 -9.81000000000000E+00
 2.55303523453446E+00 1.00000072004087E-14 1.91031703673254E-03 1.91031703673254E-03 -9.81000000000000E+00
 2.55303532349956E+00 1.69883906557557E-10 1.90944428907879E-03 1.90944428907879E-03 -9.81000000000000E+00
 2.55303604421351E+00 -1.00000933091608E-14 1.90237408520692E-03 1.90237408520692E-03 -9.81000000000000E+00
 2.55303604421351E+00 -1.00000933091608E-14 -1.33166185964484E-03 -1.33166185964484E-03 -9.81000000000000E+00
 2.55303611219984E+00 -9.05901371822703E-11 -1.33232880547773E-03 -1.33232880547773E-03 -9.81000000000000E+00
 2.55325461867314E+00 -7.59592282446292E-07 -3.47587730854059E-03 -3.47587730854059E-03 -9.81000000000000E+00
 2.55393868347688E+00 -6.19767565973061E-06 -1.01865530332391E-02 -1.01865530332391E-02 -9.81000000000000E+00
 2.55462274828062E+00 -1.57162364348682E-05 -1.68972287579376E-02 -1.68972287579376E-02 -9.81000000000000E+00
 2.55530681308436E+00 -2.96553143910135E-05 -2.36079044826362E-02 -2.36079044826362E-02 -9.81000000000000E+00
 2.55599087788810E+00 -4.81282561225513E-05 -3.03185802073347E-02 -3.03185802073347E-02 -9.81000000000000E+00
 2.55743381563375E+00 -1.02130656955624E-04 -4.44737994922109E-02 -4.44737994922109E-02 -9.81000000000000E+00
 2.56005869183619E+00 -2.52710561107181E-04 -7.02238350381218E-02 -7.02238350381218E-02 -9.81000000000000E+00
 2.56470156782045E+00 -6.84533103529650E-04 -1.15770448443747E-01 -1.15770448443747E-01 -9.81000000000000E+00
 2.57284444090778E+00 -1.95251954736600E-03 -1.95652033430453E-01 -1.95652033430453E-01 -9.81000000000000E+00
 2.58720583960596E+00 -5.77406293742122E-03 -3.36537354659563E-01 -3.36537354659563E-01 -9.81000000000000E+00
 2.61318118034690E+00 -1.78252848353309E-02 -5.91355447328182E-01 -5.91355447328182E-01 -9.81000000000000E+00
 2.66322229777489E+00 -5.97001179438620E-02 -1.08225880929676E+00 -1.08225880929676E+00 -9.81000000000000E+00
 2.77159223043008E+00 -2.34589068115518E-01 -2.14536784864416E+00 -2.14536784864416E+00 -9.81000000000000E+00
 3.04561478477023E+00 -1.19077688422090E+00 -4.83352910672109E+00 -4.83352910672109E+00 -9.81000000000000E+00
 3.86163518773528E+00 -8.40122294347020E+00 -1.28386892598082E+01 -1.28386892598082E+01 -9.81000000000000E+00
 6.00000000000000E+00 -5.82836488203124E+01 -3.38160480681251E+01 -3.38160480681251E+01 -9.81000000000000E+00
