#1
char Aclass(3,11)
Atrajectory
1.1

char name(7,6)
time
h
der(h)
v
der(v)
g
e

char description(7,31)
Time in [s]
height, used as state
velocity of ball
velocity of ball, used as state
acceleration of ball
acceleration of gravity
dimensionless parameter

int dataInfo(7,4)
0 1 0 -1 # time
2 2 0 -1 # h
2 3 0 -1 # der(h)
2 4 0 -1 # v
2 5 0 -1 # der(v)
2 -5 0 -1 # g
1 2 0 -1 # e

float data_1(2,2)
0.00000000000000E+00 7.00000000000000E-01
2.00000000000000E+00         7.00000000000000E-01

float data_2(81,5)                           
 0.00000000000000E+00 1.00000000000000E+00 0.00000000000000E+00 0.00000000000000E+00 -9.81000000000000E+00
 1.30944060520630E-09 1.00000000000000E+00 -1.28456123370738E-08 -1.28456123370738E-08 -9.81000000000000E+00
 1.30957154926682E-05 9.99999998317775E-01 -1.28468968983075E-04 -1.28468968983075E-04 -9.81000000000000E+00
 1.44039776013298E-04 9.99999869358417E-01 -1.41303020269046E-03 -1.41303020269046E-03 -9.81000000000000E+00
 1.39064767554999E-03 9.99989638393464E-01 -1.36422536971454E-02 -1.36422536971454E-02 -9.81000000000000E+00
 5.20218018762864E-03 9.99863742525231E-01 -5.10333876406370E-02 -5.10333876406370E-02 -9.81000000000000E+00
 1.32642558995436E-02 9.99129560954101E-01 -1.30122350374523E-01 -1.30122350374523E-01 -9.81000000000000E+00
 2.82785654698821E-02 9.96065581709876E-01 -2.77412727259544E-01 -2.77412727259544E-01 -9.81000000000000E+00
 5.49790144257178E-02 9.85156897534475E-01 -5.39344131516292E-01 -5.39344131516292E-01 -9.81000000000000E+00
 1.01630152933831E-01 9.49316106293364E-01 -9.96991800280883E-01 -9.96991800280883E-01 -9.81000000000000E+00
 1.82402744332369E-01 8.36780359972972E-01 -1.78937092190054E+00 -1.78937092190054E+00 -9.81000000000000E+00
 3.20614132123155E-01 4.95766949530749E-01 -3.14522463612816E+00 -3.14522463612816E+00 -9.81000000000000E+00
 4.51515768932324E-01 -4.82947015711943E-14 -4.42936969322610E+00 -4.42936969322610E+00 -9.81000000000000E+00
 4.51515768932324E-01 -4.82947015711943E-14 3.10055878525827E+00 3.10055878525827E+00 -9.81000000000000E+00
 4.51515768932343E-01 1.00719806380523E-14 3.10055878525808E+00 3.10055878525808E+00 -9.81000000000000E+00
 4.51515768932343E-01 1.00719806380523E-14 3.10055878525808E+00 3.10055878525808E+00 -9.81000000000000E+00
 4.51515772038744E-01 9.63159033562759E-09 3.10055875478429E+00 3.10055875478429E+00 -9.81000000000000E+00
 4.51546836053412E-01 9.63159678416038E-05 3.10025401680040E+00 3.10025401680040E+00 -9.81000000000000E+00
 4.51857476200088E-01 1.05874823800753E-03 3.09720663696150E+00 3.09720663696150E+00 -9.81000000000000E+00
 4.52168116346765E-01 2.02033905171112E-03 3.09415925712261E+00 3.09415925712261E+00 -9.81000000000000E+00
 4.52718958292474E-01 3.72318832599885E-03 3.08875549763520E+00 3.08875549763520E+00 -9.81000000000000E+00
 4.53694021647239E-01 6.73019962884902E-03 3.07919012612495E+00 3.07919012612495E+00 -9.81000000000000E+00
 4.55472043083227E-01 1.21894953940298E-02 3.06174773583790E+00 3.06174773583790E+00 -9.81000000000000E+00
 4.58816797895307E-01 2.23753414714883E-02 3.02893569113141E+00 3.02893569113141E+00 -9.81000000000000E+00
 4.65355504432908E-01 4.19708554659098E-02 2.96479097999754E+00 2.96479097999754E+00 -9.81000000000000E+00
 4.78719514509735E-01 8.07162013454782E-02 2.83369004114386E+00 2.83369004114386E+00 -9.81000000000000E+00
 5.07335314952075E-01 1.57787777926070E-01 2.55296903880451E+00 2.55296903880451E+00 -9.81000000000000E+00
 5.71328992280992E-01 3.01074404082177E-01 1.92519106420783E+00 1.92519106420783E+00 -9.81000000000000E+00
 7.19367506523573E-01 4.78581176713586E-01 4.72933239488111E-01 4.72933239488111E-01 -9.81000000000000E+00
 1.06605551364015E+00 5.29957728428994E-02 -2.92807611032555E+00 -2.92807611032555E+00 -9.81000000000000E+00
 1.08363686522724E+00 -9.94759830064140E-14 -3.10054916939487E+00 -3.10054916939487E+00 -9.81000000000000E+00
 1.08363686522724E+00 -9.94759830064140E-14 2.17038441857641E+00 2.17038441857641E+00 -9.81000000000000E+00
 1.08363686522730E+00 3.59289325922793E-14 2.17038441857580E+00 2.17038441857580E+00 -9.81000000000000E+00
 1.08363686522730E+00 3.59289325922793E-14 2.17038441857580E+00 2.17038441857580E+00 -9.81000000000000E+00
 1.08363686928645E+00 8.80995093480802E-09 2.17038437875554E+00 2.17038437875554E+00 -9.81000000000000E+00
 1.08367746078302E+00 8.80917963709766E-05 2.16998617617422E+00 2.16998617617422E+00 -9.81000000000000E+00
 1.08408337574869E+00 9.67844084657227E-04 2.16600415036102E+00 2.16600415036102E+00 -9.81000000000000E+00
 1.08448929071435E+00 1.84615960505792E-03 2.16202212454782E+00 2.16202212454782E+00 -9.81000000000000E+00
 1.08489520568002E+00 2.72291862691593E-03 2.15804009873463E+00 2.15804009873463E+00 -9.81000000000000E+00
 1.08578389563450E+00 4.63682553802911E-03 2.14932205028120E+00 2.14932205028120E+00 -9.81000000000000E+00
 1.08745797600022E+00 8.22116032854149E-03 2.13289932189352E+00 2.13289932189352E+00 -9.81000000000000E+00
 1.09059133457999E+00 1.48560756836173E-02 2.10216107422591E+00 2.10216107422591E+00 -9.81000000000000E+00
 1.09658317465793E+00 2.72757081035764E-02 2.04338112306138E+00 2.04338112306138E+00 -9.81000000000000E+00
 1.10847418734707E+00 5.08799249824338E-02 1.92673028858093E+00 1.92673028858093E+00 -9.81000000000000E+00
 1.13312498975879E+00 9.53946387955997E-02 1.68490591692191E+00 1.68490591692191E+00 -9.81000000000000E+00
 1.18646673474957E+00 1.71313822870392E-01 1.16162339856233E+00 1.16162339856233E+00 -9.81000000000000E+00
 1.30585445298123E+00 2.40083934475303E-01 -9.57011729026924E-03 -9.57011729026924E-03 -9.81000000000000E+00
 1.52611993966376E+00 -5.41372502382842E-14 -2.17037454164586E+00 -2.17037454164586E+00 -9.81000000000000E+00
 1.52611993966376E+00 -5.41372502382842E-14 1.51926217915210E+00 1.51926217915210E+00 -9.81000000000000E+00
 1.52611993966382E+00 3.55989505342179E-14 1.51926217915152E+00 1.51926217915152E+00 -9.81000000000000E+00
 1.52611993966382E+00 3.55989505342179E-14 1.51926217915152E+00 1.51926217915152E+00 -9.81000000000000E+00
 1.52611994496794E+00 8.05837820068054E-09 1.51926212711815E+00 1.51926212711815E+00 -9.81000000000000E+00
 1.52617298612823E+00 8.05638852879347E-05 1.51874179333564E+00 1.51874179333564E+00 -9.81000000000000E+00
 1.52670339773120E+00 8.84282213880873E-04 1.51353845551052E+00 1.51353845551052E+00 -9.81000000000000E+00
 1.52723380933417E+00 1.68554728846794E-03 1.50833511768541E+00 1.50833511768541E+00 -9.81000000000000E+00
 1.52776422093714E+00 2.48415467121532E-03 1.50313177986029E+00 1.50313177986029E+00 -9.81000000000000E+00
 1.52873138519806E+00 3.93328519418245E-03 1.49364389846062E+00 1.49364389846062E+00 -9.81000000000000E+00
 1.53044849478199E+00 6.48351370946966E-03 1.47679905344233E+00 1.47679905344233E+00 -9.81000000000000E+00
 1.53356072747436E+00 1.10320810400872E-02 1.44626805073017E+00 1.44626805073017E+00 -9.81000000000000E+00
 1.53934638288575E+00 1.92354255082347E-02 1.38951077114437E+00 1.38951077114437E+00 -9.81000000000000E+00
 1.55046905249845E+00 3.40835861630763E-02 1.28039738224379E+00 1.28039738224379E+00 -9.81000000000000E+00
 1.57271526047134E+00 6.01399953511760E-02 1.06216208202982E+00 1.06216208202982E+00 -9.81000000000000E+00
 1.61903536098522E+00 9.88153403836586E-02 6.07761895988594E-01 6.07761895988594E-01 -9.81000000000000E+00
 1.71854894085490E+00 1.10721645762876E-01 -3.68466322532945E-01 -3.68466322532945E-01 -9.81000000000000E+00
 1.83585611016348E+00 -4.59632332194815E-14 -1.51924965345008E+00 -1.51924965345008E+00 -9.81000000000000E+00
 1.83585611016348E+00 -4.59632332194815E-14 1.06347475741505E+00 1.06347475741505E+00 -9.81000000000000E+00
 1.83585611016353E+00 1.00322779315493E-14 1.06347475741454E+00 1.06347475741454E+00 -9.81000000000000E+00
 1.83585611016353E+00 1.00322779315493E-14 1.06347475741454E+00 1.06347475741454E+00 -9.81000000000000E+00
 1.83585611709447E+00 7.37088982610358E-09 1.06347468942201E+00 1.06347468942201E+00 -9.81000000000000E+00
 1.83592542649945E+00 7.36690436126794E-05 1.06279476415913E+00 1.06279476415913E+00 -9.81000000000000E+00
 1.83661852054928E+00 8.07144089814328E-04 1.05599551153030E+00 1.05599551153030E+00 -9.81000000000000E+00
 1.83731161459911E+00 1.53643022798013E-03 1.04919625890148E+00 1.04919625890148E+00 -9.81000000000000E+00
 1.83800470864894E+00 2.26117838244043E-03 1.04239700627265E+00 1.04239700627265E+00 -9.81000000000000E+00
 1.83905756119691E+00 3.35316441566445E-03 1.03206852277709E+00 1.03206852277709E+00 -9.81000000000000E+00
 1.84082024510808E+00 5.15707217685033E-03 1.01477659360848E+00 1.01477659360848E+00 -9.81000000000000E+00
 1.84391938635535E+00 8.25483261272262E-03 9.84374017972744E-01 9.84374017972744E-01 -9.81000000000000E+00
 1.84954109191264E+00 1.36336070921745E-02 9.29225086455741E-01 9.29225086455741E-01 -9.81000000000000E+00
 1.86005491151854E+00 2.28610287092360E-02 8.26084516121821E-01 8.26084516121821E-01 -9.81000000000000E+00
 1.88040420322580E+00 3.76400308445773E-02 6.26457964473644E-01 6.26457964473644E-01 -9.81000000000000E+00
 1.92119948041766E+00 5.50332498954496E-02 2.26256295221543E-01 2.26256295221543E-01 -9.81000000000000E+00
 2.00000000000000E+00 4.24044867300235E-02 -5.46776801881255E-01 -5.46776801881255E-01 -9.81000000000000E+00
