#1
char Aclass(3,11)
Atrajectory
1.1

char name(7,6)
time
h
der(h)
v
der(v)
g
e

char description(7,31)
Time in [s]
height, used as state
velocity of ball
velocity of ball, used as state
acceleration of ball
acceleration of gravity
dimensionless parameter

int dataInfo(7,4)
0 1 0 -1 # time
2 2 0 -1 # h
2 3 0 -1 # der(h)
2 4 0 -1 # v
2 5 0 -1 # der(v)
2 -5 0 -1 # g
1 2 0 -1 # e

float data_1(2,2)
0.00000000000000E+00 7.00000000000000E-01
1.00000000000000E+02         7.00000000000000E-01

float data_2(282,5)                          
 0.00000000000000E+00 1.00000000000000E+00 0.00000000000000E+00 0.00000000000000E+00 -9.81000000000000E+00
 3.48199629898091E-09 1.00000000000000E+00 -3.41583836930028E-08 -3.41583836930028E-08 -9.81000000000000E+00
 3.48234449861081E-05 9.99999988104874E-01 -3.41617995313721E-04 -3.41617995313721E-04 -9.81000000000000E+00
 3.83023074884200E-04 9.99999076224510E-01 -3.75745636461400E-03 -3.75745636461400E-03 -9.81000000000000E+00
 2.11010399878505E-03 9.99976330486879E-01 -2.07001202280814E-02 -2.07001202280814E-02 -9.81000000000000E+00
 6.37937447544143E-03 9.99795243077944E-01 -6.25816636040804E-02 -6.25816636040804E-02 -9.81000000000000E+00
 1.47792303620097E-02 9.98919208544559E-01 -1.44984249851315E-01 -1.44984249851315E-01 -9.81000000000000E+00
 3.00207446086601E-02 9.95565290014782E-01 -2.94503504610956E-01 -2.94503504610956E-01 -9.81000000000000E+00
 5.68673856973740E-02 9.84118770503638E-01 -5.57869053691239E-01 -5.57869053691239E-01 -9.81000000000000E+00
 1.03604964538756E-01 9.47325934193434E-01 -1.01636470212520E+00 -1.01636470212520E+00 -9.81000000000000E+00
 1.84405360490727E-01 8.33175089923286E-01 -1.80901658641403E+00 -1.80901658641403E+00 -9.81000000000000E+00
 3.22541300021656E-01 4.89685186155819E-01 -3.16413015321245E+00 -3.16413015321245E+00 -9.81000000000000E+00
 4.51515287835304E-01 -4.82391904199631E-14 -4.42936497366433E+00 -4.42936497366433E+00 -9.81000000000000E+00
 4.51515287835304E-01 -4.82391904199631E-14 3.10055548156503E+00 3.10055548156503E+00 -9.81000000000000E+00
 4.51515287835331E-01 3.55969488001489E-14 3.10055548156477E+00 3.10055548156477E+00 -9.81000000000000E+00
 4.51515287835331E-01 3.55969488001489E-14 3.10055548156477E+00 3.10055548156477E+00 -9.81000000000000E+00
 4.51515296095719E-01 2.56118253045587E-08 3.10055540053036E+00 3.10055540053036E+00 -9.81000000000000E+00
 4.51597899972763E-01 2.56076571342471E-04 3.09974505649655E+00 3.09974505649655E+00 -9.81000000000000E+00
 4.52423938743212E-01 2.81212366258528E-03 3.09164161615845E+00 3.09164161615845E+00 -9.81000000000000E+00
 4.53249977513660E-01 5.36222074858961E-03 3.08353817582036E+00 3.08353817582036E+00 -9.81000000000000E+00
 4.54076016284108E-01 7.90587199558560E-03 3.07543473548226E+00 3.07543473548226E+00 -9.81000000000000E+00
 4.54902055054557E-01 1.04429121256499E-02 3.06733129514416E+00 3.06733129514416E+00 -9.81000000000000E+00
 4.56766080120147E-01 1.61433815478072E-02 3.04904520925072E+00 3.04904520925072E+00 -9.81000000000000E+00
 4.60384087455389E-01 2.71105550682577E-02 3.01355255729200E+00 3.01355255729200E+00 -9.81000000000000E+00
 4.67468954080052E-01 4.82148523064558E-02 2.94405001570405E+00 2.94405001570405E+00 -9.81000000000000E+00
 4.81833665764176E-01 8.94930057629492E-02 2.80313219408279E+00 2.80313219408279E+00 -9.81000000000000E+00
 5.12281011440380E-01 1.70293574221817E-01 2.50444373299924E+00 2.50444373299924E+00 -9.81000000000000E+00
 5.79666774259274E-01 3.16784223159212E-01 1.84338939974589E+00 1.84338939974589E+00 -9.81000000000000E+00
 7.33957000129506E-01 4.84434681881638E-01 3.29802283958906E-01 3.29802283958906E-01 -9.81000000000000E+00
 1.08363522107974E+00 -5.93830540296381E-14 -3.10054106356286E+00 -3.10054106356286E+00 -9.81000000000000E+00
 1.08363522107974E+00 -5.93830540296381E-14 2.17037874449401E+00 2.17037874449401E+00 -9.81000000000000E+00
 1.08363522107977E+00 1.00200108157682E-14 2.17037874449369E+00 2.17037874449369E+00 -9.81000000000000E+00
 1.08363522107977E+00 1.00200108157682E-14 2.17037874449369E+00 2.17037874449369E+00 -9.81000000000000E+00
 1.08363523187367E+00 2.34268613640478E-08 2.17037863860553E+00 2.17037863860553E+00 -9.81000000000000E+00
 1.08374317087992E+00 2.34177645668552E-04 2.16931975695420E+00 2.16931975695420E+00 -9.81000000000000E+00
 1.08428810230448E+00 1.41436609645878E-03 2.16397397967931E+00 2.16397397967931E+00 -9.81000000000000E+00
 1.08483303372903E+00 2.59196514100388E-03 2.15862820240442E+00 2.15862820240442E+00 -9.81000000000000E+00
 1.08537796515359E+00 3.76675899545010E-03 2.15328242512952E+00 2.15328242512952E+00 -9.81000000000000E+00
 1.08637848259847E+00 5.91618492985820E-03 2.14346734899525E+00 2.14346734899525E+00 -9.81000000000000E+00
 1.08817240330776E+00 9.74554540475691E-03 2.12586898683713E+00 2.12586898683713E+00 -9.81000000000000E+00
 1.09147291453807E+00 1.67084945737097E-02 2.09349097166781E+00 2.09349097166781E+00 -9.81000000000000E+00
 1.09773709152835E+00 2.96299327655266E-02 2.03203939539313E+00 2.03203939539313E+00 -9.81000000000000E+00
 1.11010007527487E+00 5.40021918017347E-02 1.91075852483977E+00 1.91075852483977E+00 -9.81000000000000E+00
 1.13559053766804E+00 9.95210573844531E-02 1.66069708876276E+00 1.66069708876276E+00 -9.81000000000000E+00
 1.19044352569747E+00 1.75856594279197E-01 1.12258927619406E+00 1.12258927619406E+00 -9.81000000000000E+00
 1.31251309607631E+00 2.39800865383635E-01 -7.49132092223351E-02 -7.49132092223351E-02 -9.81000000000000E+00
 1.52611692764706E+00 -1.01862962509358E-14 -2.17036679693147E+00 -2.17036679693147E+00 -9.81000000000000E+00
 1.52611692764706E+00 -1.01862962509358E-14 1.51925675785203E+00 1.51925675785203E+00 -9.81000000000000E+00
 1.52611692764708E+00 1.55302805841180E-14 1.51925675785186E+00 1.51925675785186E+00 -9.81000000000000E+00
 1.52611692764708E+00 1.55302805841180E-14 1.51925675785186E+00 1.51925675785186E+00 -9.81000000000000E+00
 1.52611694175155E+00 2.14283203617034E-08 1.51925661948704E+00 1.51925661948704E+00 -9.81000000000000E+00
 1.52625798642140E+00 2.14109320429447E-04 1.51787297127580E+00 1.51787297127580E+00 -9.81000000000000E+00
 1.52685335214377E+00 1.11548068779565E-03 1.51203243353934E+00 1.51203243353934E+00 -9.81000000000000E+00
 1.52744871786614E+00 2.01376116096762E-03 1.50619189580287E+00 1.50619189580287E+00 -9.81000000000000E+00
 1.52804408358851E+00 2.90869316542918E-03 1.50035135806641E+00 1.50035135806641E+00 -9.81000000000000E+00
 1.52905854112833E+00 4.42562574009656E-03 1.49039952960084E+00 1.49039952960084E+00 -9.81000000000000E+00
 1.53082522207153E+00 7.04331388814548E-03 1.47306838954804E+00 1.47306838954804E+00 -9.81000000000000E+00
 1.53400496719023E+00 1.16776345089144E-02 1.44187508993359E+00 1.44187508993359E+00 -9.81000000000000E+00
 1.53989823105973E+00 2.00045535950383E-02 1.38406217137383E+00 1.38406217137383E+00 -9.81000000000000E+00
 1.55120346841886E+00 3.50247092512192E-02 1.27315779288071E+00 1.27315779288071E+00 -9.81000000000000E+00
 1.57376613206556E+00 6.12534064960250E-02 1.05181806250659E+00 1.05181806250659E+00 -9.81000000000000E+00
 1.62063561186143E+00 9.97763398404719E-02 5.92028465709098E-01 5.92028465709098E-01 -9.81000000000000E+00
 1.72107128950052E+00 1.09758509862424E-01 -3.93245531930331E-01 -3.93245531930331E-01 -9.81000000000000E+00
 1.83585180500069E+00 -4.64073224293315E-14 -1.51924238898703E+00 -1.51924238898703E+00 -9.81000000000000E+00
 1.83585180500069E+00 -4.64073224293315E-14 1.06346967229092E+00 1.06346967229092E+00 -9.81000000000000E+00
 1.83585180500074E+00 1.01204235541103E-14 1.06346967229040E+00 1.06346967229040E+00 -9.81000000000000E+00
 1.83585180500074E+00 1.01204235541103E-14 1.06346967229040E+00 1.06346967229040E+00 -9.81000000000000E+00
 1.83585182343121E+00 1.96002444933363E-08 1.06346949148757E+00 1.06346949148757E+00 -9.81000000000000E+00
 1.83603612805423E+00 1.95688715989803E-04 1.06166146313567E+00 1.06166146313567E+00 -9.81000000000000E+00
 1.83668663069265E+00 8.83534873786914E-04 1.05528003225275E+00 1.05528003225275E+00 -9.81000000000000E+00
 1.83733713333108E+00 1.56769113147180E-03 1.04889860136982E+00 1.04889860136982E+00 -9.81000000000000E+00
 1.83798763596950E+00 2.24784999736844E-03 1.04251717048690E+00 1.04251717048690E+00 -9.81000000000000E+00
 1.83901939489391E+00 3.31819042649995E-03 1.03239561543845E+00 1.03239561543845E+00 -9.81000000000000E+00
 1.84076790953820E+00 5.10829149307914E-03 1.01524268677798E+00 1.01524268677798E+00 -9.81000000000000E+00
 1.84385522587095E+00 8.19585057374125E-03 9.84956113553674E-01 9.84956113553674E-01 -9.81000000000000E+00
 1.84946325062393E+00 1.35651763395813E-02 9.29941390726891E-01 9.29941390726891E-01 -9.81000000000000E+00
 1.85995691313911E+00 2.27834614750109E-02 8.26998561453008E-01 8.26998561453008E-01 -9.81000000000000E+00
 1.88027333607479E+00 3.75604378720889E-02 6.27694452453982E-01 6.27694452453982E-01 -9.81000000000000E+00
 1.92101429046704E+00 5.49917276414227E-02 2.28025689866067E-01 2.28025689866067E-01 -9.81000000000000E+00
 2.00483853767130E+00 3.96406107047541E-02 -5.94290175207743E-01 -5.94290175207743E-01 -9.81000000000000E+00
 2.05266324372999E+00 -1.00475183728577E-14 -1.06345054164351E+00 -1.06345054164351E+00 -9.81000000000000E+00
 2.05266324372999E+00 -1.00475183728577E-14 7.44415379150459E-01 7.44415379150459E-01 -9.81000000000000E+00
 2.05266324373002E+00 1.02756322533999E-14 7.44415379150191E-01 7.44415379150191E-01 -9.81000000000000E+00
 2.05266324373002E+00 1.02756322533999E-14 7.44415379150191E-01 7.44415379150191E-01 -9.81000000000000E+00
 2.05266326781346E+00 1.79280892821290E-08 7.44415142891624E-01 7.44415142891624E-01 -9.81000000000000E+00
 2.05288050153282E+00 1.61267059633298E-04 7.42284080104687E-01 7.42284080104687E-01 -9.81000000000000E+00
 2.05356686872146E+00 6.67665503405236E-04 7.35550817984133E-01 7.35550817984133E-01 -9.81000000000000E+00
 2.05425323591010E+00 1.16995595589534E-03 7.28817555863580E-01 7.28817555863580E-01 -9.81000000000000E+00
 2.05493960309874E+00 1.66779608449681E-03 7.22084293743026E-01 7.22084293743026E-01 -9.81000000000000E+00
 2.05597780624850E+00 2.41211407024363E-03 7.11899520843833E-01 7.11899520843833E-01 -9.81000000000000E+00
 2.05770367076565E+00 3.62608599541200E-03 6.94968789930663E-01 6.94968789930663E-01 -9.81000000000000E+00
 2.06070747629860E+00 5.66931931468195E-03 6.65501457652397E-01 6.65501457652397E-01 -9.81000000000000E+00
 2.06607806024112E+00 9.10191030936634E-03 6.12816029176268E-01 6.12816029176268E-01 -9.81000000000000E+00
 2.07592188006826E+00 1.46589900757719E-02 5.16248156672051E-01 5.16248156672051E-01 -9.81000000000000E+00
 2.09447318597281E+00 2.25479213770036E-02 3.34259845748395E-01 3.34259845748395E-01 -9.81000000000000E+00
 2.13043792729552E+00 2.82249486770660E-02 -1.85542666273656E-02 -1.85542666273656E-02 -9.81000000000000E+00
 2.20134556595072E+00 2.24735398444564E-03 -7.14158201834955E-01 -7.14158201834955E-01 -9.81000000000000E+00
 2.20442718921202E+00 -1.00752739484733E-14 -7.44388926028254E-01 -7.44388926028254E-01 -9.81000000000000E+00
 2.20442718921202E+00 -1.00752739484733E-14 5.21072248219778E-01 5.21072248219778E-01 -9.81000000000000E+00
 2.20442718921206E+00 1.00739953390045E-14 5.21072248219399E-01 5.21072248219399E-01 -9.81000000000000E+00
 2.20442718921206E+00 1.00739953390045E-14 5.21072248219399E-01 5.21072248219399E-01 -9.81000000000000E+00
 2.20442722068277E+00 1.63985163219408E-08 5.21071939491689E-01 5.21071939491689E-01 -9.81000000000000E+00
 2.20464491533101E+00 1.12986065772903E-04 5.18936354992501E-01 5.18936354992501E-01 -9.81000000000000E+00
 2.20533067804340E+00 4.65777699078483E-04 5.12209022783895E-01 5.12209022783895E-01 -9.81000000000000E+00
 2.20601644075580E+00 8.14468573644006E-04 5.05481690575289E-01 5.05481690575289E-01 -9.81000000000000E+00
 2.20670220346820E+00 1.15871695957447E-03 4.98754358366683E-01 4.98754358366683E-01 -9.81000000000000E+00
 2.20738796618059E+00 1.49840894690487E-03 4.92027026158077E-01 4.92027026158077E-01 -9.81000000000000E+00
 2.20888437130814E+00 2.22365209766218E-03 4.77347291856833E-01 4.77347291856833E-01 -9.81000000000000E+00
 2.21166169105835E+00 3.51151151753502E-03 4.50101785107305E-01 4.50101785107305E-01 -9.81000000000000E+00
 2.21670110553073E+00 5.65513811023064E-03 4.00665129133188E-01 4.00665129133188E-01 -9.81000000000000E+00
 2.22587113320136E+00 8.91672702215363E-03 3.10707157684308E-01 3.10707157684308E-01 -9.81000000000000E+00
 2.24282884230248E+00 1.27750360374440E-02 1.44352031402334E-01 1.44352031402334E-01 -9.81000000000000E+00
 2.27479288475972E+00 1.23775870787534E-02 -1.69215225103206E-01 -1.69215225103206E-01 -9.81000000000000E+00
 2.31065655201105E+00 -2.38351005599213E-14 -5.21037800838727E-01 -5.21037800838727E-01 -9.81000000000000E+00
 2.31065655201105E+00 -2.38351005599213E-14 3.64726460587109E-01 3.64726460587109E-01 -9.81000000000000E+00
 2.31065655201114E+00 1.00772385388241E-14 3.64726460586196E-01 3.64726460586196E-01 -9.81000000000000E+00
 2.31065655201114E+00 1.00772385388241E-14 3.64726460586196E-01 3.64726460586196E-01 -9.81000000000000E+00
 2.31065659313602E+00 1.49993241399086E-08 3.64726057151158E-01 3.64726057151158E-01 -9.81000000000000E+00
 2.31087464186694E+00 7.90766343259604E-05 3.62586999100838E-01 3.62586999100838E-01 -9.81000000000000E+00
 2.31156000843705E+00 3.24509625491330E-04 3.55863553048092E-01 3.55863553048092E-01 -9.81000000000000E+00
 2.31224537500715E+00 5.65846594291839E-04 3.49140106995345E-01 3.49140106995345E-01 -9.81000000000000E+00
 2.31293074157726E+00 8.02746205530416E-04 3.42416660942599E-01 3.42416660942599E-01 -9.81000000000000E+00
 2.31361610814737E+00 1.03509468080804E-03 3.35693214889852E-01 3.35693214889852E-01 -9.81000000000000E+00
 2.31509614382501E+00 1.52114396982373E-03 3.21174064892169E-01 3.21174064892169E-01 -9.81000000000000E+00
 2.31782613518936E+00 2.36134000446852E-03 2.94392849607872E-01 2.94392849607872E-01 -9.81000000000000E+00
 2.32273948013070E+00 3.68932807805002E-03 2.46192935733315E-01 2.46192935733315E-01 -9.81000000000000E+00
 2.33156815491117E+00 5.48050449932540E-03 1.59583636136959E-01 1.59583636136959E-01 -9.81000000000000E+00
 2.34758443933842E+00 6.77814017613036E-03 2.46388590557088E-03 2.46388590557088E-03 -9.81000000000000E+00
 2.37692989674759E+00 2.62640295667592E-03 -2.85415051278311E-01 -2.85415051278311E-01 -9.81000000000000E+00
 2.38500989005510E+00 -1.86135828972311E-14 -3.64679785625042E-01 -3.64679785625042E-01 -9.81000000000000E+00
 2.38500989005510E+00 -1.86135828972311E-14 2.55275849937530E-01 2.55275849937530E-01 -9.81000000000000E+00
 2.38500989005524E+00 1.67959083796164E-14 2.55275849936169E-01 2.55275849936169E-01 -9.81000000000000E+00
 2.38500989005524E+00 1.67959083796164E-14 2.55275849936169E-01 2.55275849936169E-01 -9.81000000000000E+00
 2.38500994379835E+00 1.37193055528188E-08 2.55275322716298E-01 2.55275322716298E-01 -9.81000000000000E+00
 2.38522826431032E+00 5.52779761260568E-05 2.53133598493852E-01 2.53133598493852E-01 -9.81000000000000E+00
 2.38591337543767E+00 2.25632893900846E-04 2.46412658334545E-01 2.46412658334545E-01 -9.81000000000000E+00
 2.38659848656502E+00 3.91894841996171E-04 2.39691718175237E-01 2.39691718175237E-01 -9.81000000000000E+00
 2.38728359769237E+00 5.53722739605408E-04 2.32970778015930E-01 2.32970778015930E-01 -9.81000000000000E+00
 2.38796870881972E+00 7.11002893126352E-04 2.26249837856622E-01 2.26249837856622E-01 -9.81000000000000E+00
 2.38943710099679E+00 1.03260682104657E-03 2.11844910599591E-01 2.11844910599591E-01 -9.81000000000000E+00
 2.39213336173397E+00 1.56808854490610E-03 1.85394592767831E-01 1.85394592767831E-01 -9.81000000000000E+00
 2.39695666483947E+00 2.34813952270086E-03 1.38077989302884E-01 1.38077989302884E-01 -9.81000000000000E+00
 2.40554028356132E+00 3.17190016141688E-03 5.38726896414695E-02 5.38726896414695E-02 -9.81000000000000E+00
 2.42087393820610E+00 2.84463845488910E-03 -9.65504624238088E-02 -9.65504624238088E-02 -9.81000000000000E+00
 2.43704731048731E+00 -2.14450852908943E-14 -2.55211244502459E-01 -2.55211244502459E-01 -9.81000000000000E+00
 2.43704731048731E+00 -2.14450852908943E-14 1.78647871151722E-01 1.78647871151722E-01 -9.81000000000000E+00
 2.43704731048751E+00 1.48030818083649E-14 1.78647871149731E-01 1.78647871149731E-01 -9.81000000000000E+00
 2.43704731048751E+00 1.48030818083649E-14 1.78647871149731E-01 1.78647871149731E-01 -9.81000000000000E+00
 2.43704738072706E+00 1.25481112304349E-08 1.78647182099814E-01 1.78647182099814E-01 -9.81000000000000E+00
 2.43726590973100E+00 3.85836630536437E-05 1.76503412571094E-01 1.76503412571094E-01 -9.81000000000000E+00
 2.43795085939511E+00 1.56411335690214E-04 1.69784056366245E-01 1.69784056366245E-01 -9.81000000000000E+00
 2.43863580905921E+00 2.70147967637452E-04 1.63064700161397E-01 1.63064700161397E-01 -9.81000000000000E+00
 2.43932075872331E+00 3.79452638837914E-04 1.56345343956549E-01 1.56345343956549E-01 -9.81000000000000E+00
 2.44000570838741E+00 4.84211709272453E-04 1.49625987751700E-01 1.49625987751700E-01 -9.81000000000000E+00
 2.44146585860018E+00 6.92187441980438E-04 1.35301914164473E-01 1.35301914164473E-01 -9.81000000000000E+00
 2.44413819796333E+00 1.01868346738699E-03 1.09086265011926E-01 1.09086265011926E-01 -9.81000000000000E+00
 2.44889752992897E+00 1.42670607738127E-03 6.23972184290094E-02 6.23972184290094E-02 -9.81000000000000E+00
 2.45730631229780E+00 1.60451696594895E-03 -2.00929366091526E-02 -2.00929366091526E-02 -9.81000000000000E+00
 2.47214871914302E+00 2.25677542193645E-04 -1.65696947760801E-01 -1.65696947760801E-01 -9.81000000000000E+00
 2.47345979192544E+00 -1.49940823646055E-14 -1.78558571756302E-01 -1.78558571756302E-01 -9.81000000000000E+00
 2.47345979192544E+00 -1.49940823646055E-14 1.24991000229411E-01 1.24991000229411E-01 -9.81000000000000E+00
 2.47345979192566E+00 1.34308650014406E-14 1.24991000227180E-01 1.24991000227180E-01 -9.81000000000000E+00
 2.47345979192566E+00 1.34308650014406E-14 1.24991000227180E-01 1.24991000227180E-01 -9.81000000000000E+00
 2.47345988374222E+00 1.14761740339658E-08 1.24990099506756E-01 1.24990099506756E-01 -9.81000000000000E+00
 2.47367857263734E+00 2.68762613253598E-05 1.22844761445669E-01 1.22844761445669E-01 -9.81000000000000E+00
 2.47436342287281E+00 1.07939135341866E-04 1.16126380635653E-01 1.16126380635653E-01 -9.81000000000000E+00
 2.47504827310829E+00 1.84912156309702E-04 1.09407999825638E-01 1.09407999825638E-01 -9.81000000000000E+00
 2.47573312334376E+00 2.57454503141479E-04 1.02689619015622E-01 1.02689619015622E-01 -9.81000000000000E+00
 2.47641797357924E+00 3.25452568808066E-04 9.59712382056069E-02 9.59712382056069E-02 -9.81000000000000E+00
 2.47787231008742E+00 4.54609811287690E-04 8.17041970603167E-02 8.17041970603167E-02 -9.81000000000000E+00
 2.48052774517878E+00 6.36935758354379E-04 5.56543788141169E-02 5.56543788141169E-02 -9.81000000000000E+00
 2.48524180514575E+00 7.90243314702517E-04 9.40945053812153E-03 9.40945053812153E-03 -9.81000000000000E+00
 2.49352644708120E+00 5.31489824260535E-04 -7.18628868486147E-02 -7.18628868486147E-02 -9.81000000000000E+00
 2.49892940009445E+00 -1.00178112333316E-14 -1.24865855908663E-01 -1.24865855908663E-01 -9.81000000000000E+00
 2.49892940009445E+00 -1.00178112333316E-14 8.74060991360638E-02 8.74060991360638E-02 -9.81000000000000E+00
 2.49892940009468E+00 1.00136283943865E-14 8.74060991338155E-02 8.74060991338155E-02 -9.81000000000000E+00
 2.49892940009468E+00 1.00136283943865E-14 8.74060991338155E-02 8.74060991338155E-02 -9.81000000000000E+00
 2.49892952016171E+00 1.04944590581386E-08 8.74049212762805E-02 8.74049212762805E-02 -9.81000000000000E+00
 2.49914833168149E+00 1.86660102192994E-05 8.52583802672404E-02 8.52583802672404E-02 -9.81000000000000E+00
 2.49983312288774E+00 7.39833382502216E-05 7.85405785339707E-02 7.85405785339707E-02 -9.81000000000000E+00
 2.50051791409398E+00 1.25211518234704E-04 7.18227768007011E-02 7.18227768007011E-02 -9.81000000000000E+00
 2.50120270530023E+00 1.72009787835544E-04 6.51049750674315E-02 6.51049750674315E-02 -9.81000000000000E+00
 2.50188749650647E+00 2.14264559607006E-04 5.83871733341619E-02 5.83871733341619E-02 -9.81000000000000E+00
 2.50333774187540E+00 2.88581580577696E-04 4.41602662650028E-02 4.41602662650028E-02 -9.81000000000000E+00
 2.50598125992693E+00 3.70995961708638E-04 1.82273541795135E-02 1.82273541795135E-02 -9.81000000000000E+00
 2.51066336633493E+00 3.48761205977924E-04 -2.77041096830542E-02 -2.77041096830542E-02 -9.81000000000000E+00
 2.51673137397309E+00 -1.00022529321564E-14 -8.72312646133354E-02 -8.72312646133354E-02 -9.81000000000000E+00
 2.51673137397309E+00 -1.00022529321564E-14 6.10618852293347E-02 6.10618852293347E-02 -9.81000000000000E+00
 2.51673137397342E+00 1.00191994541577E-14 6.10618852261181E-02 6.10618852261181E-02 -9.81000000000000E+00
 2.51673137397342E+00 1.00191994541577E-14 6.10618852261181E-02 6.10618852261181E-02 -9.81000000000000E+00
 2.51673153110099E+00 9.59427369561772E-09 6.10603438046193E-02 6.10603438046193E-02 -9.81000000000000E+00
 2.51695043671494E+00 1.29059543812671E-05 5.89128797317134E-02 5.89128797317134E-02 -9.81000000000000E+00
 2.51763519478589E+00 5.01804600132733E-05 5.21954030557547E-02 5.21954030557547E-02 -9.81000000000000E+00
 2.51831995285683E+00 8.33662133161777E-05 4.54779263797960E-02 4.54779263797960E-02 -9.81000000000000E+00
 2.51900471092778E+00 1.12122484929222E-04 3.87604497038372E-02 3.87604497038372E-02 -9.81000000000000E+00
 2.51968946899872E+00 1.36335698398819E-04 3.20429730278785E-02 3.20429730278785E-02 -9.81000000000000E+00
 2.52113683933691E+00 1.72396070753800E-04 1.78442700101883E-02 1.78442700101883E-02 -9.81000000000000E+00
 2.52377196742243E+00 1.85311456887741E-04 -8.00633650870090E-03 -8.00633650870090E-03 -9.81000000000000E+00
 2.52843155531860E+00 4.14603534297501E-05 -5.37168937701212E-02 -5.37168937701212E-02 -9.81000000000000E+00
 2.52915538804559E+00 -1.00076197329102E-14 -6.08176928218717E-02 -6.08176928218717E-02 -9.81000000000000E+00
 2.52915538804559E+00 -1.00076197329102E-14 4.25723849753102E-02 4.25723849753102E-02 -9.81000000000000E+00
 2.52915538804608E+00 1.11866756608036E-14 4.25723849704261E-02 4.25723849704261E-02 -9.81000000000000E+00
 2.52915538804608E+00 1.11866756608036E-14 4.25723849704261E-02 4.25723849704261E-02 -9.81000000000000E+00
 2.52915559398294E+00 8.76681820501634E-09 4.25703647298810E-02 4.25703647298810E-02 -9.81000000000000E+00
 2.52937457190270E+00 8.86033418930837E-06 4.04221913370408E-02 4.04221913370408E-02 -9.81000000000000E+00
 2.53005931311269E+00 3.34726611647437E-05 3.37048800669985E-02 3.37048800669985E-02 -9.81000000000000E+00
 2.53074405432268E+00 5.39964371651071E-05 2.69875687969562E-02 2.69875687969562E-02 -9.81000000000000E+00
 2.53142879553268E+00 7.00909496091425E-05 2.02702575269138E-02 2.02702575269138E-02 -9.81000000000000E+00
 2.53211353674267E+00 8.16426276364313E-05 1.35529462568715E-02 1.35529462568715E-02 -9.81000000000000E+00
 2.53355888708154E+00 9.09424860524709E-05 -6.25940567422026E-04 -6.25940567422026E-04 -9.81000000000000E+00
 2.53618810913609E+00 5.53429109580834E-05 -2.64186089225009E-02 -2.64186089225009E-02 -9.81000000000000E+00
 2.53779969500122E+00 -1.10483725033333E-14 -4.22282662594792E-02 -4.22282662594792E-02 -9.81000000000000E+00
 2.53779969500122E+00 -1.10483725033333E-14 2.95597863816355E-02 2.95597863816355E-02 -9.81000000000000E+00
 2.53779969500193E+00 1.00076159775102E-14 2.95597863746470E-02 2.95597863746470E-02 -9.81000000000000E+00
 2.53779969500193E+00 1.00076159775102E-14 2.95597863746470E-02 2.95597863746470E-02 -9.81000000000000E+00
 2.53779996574297E+00 8.00233822993706E-09 2.95571304050456E-02 2.95571304050456E-02 -9.81000000000000E+00
 2.53801899941032E+00 6.01136692482485E-06 2.74084101283610E-02 2.74084101283610E-02 -9.81000000000000E+00
 2.53870373374182E+00 2.17124946865909E-05 2.06911663363406E-02 2.06911663363406E-02 -9.81000000000000E+00
 2.53938846807332E+00 3.33251536150633E-05 1.39739225443201E-02 1.39739225443201E-02 -9.81000000000000E+00
 2.54007320240482E+00 4.05086379741342E-05 7.25667875229967E-03 7.25667875229967E-03 -9.81000000000000E+00
 2.54075793673632E+00 4.31493791851011E-05 5.39434960279228E-04 5.39434960279228E-04 -9.81000000000000E+00
 2.54220186554824E+00 3.36596164797604E-05 -1.36255066846548E-02 -1.36255066846548E-02 -9.81000000000000E+00
 2.54377662600342E+00 -1.08198768954820E-14 -2.90739067498952E-02 -2.90739067498952E-02 -9.81000000000000E+00
 2.54377662600342E+00 -1.08198768954820E-14 2.03517347249266E-02 2.03517347249266E-02 -9.81000000000000E+00
 2.54377662600447E+00 1.07283110208816E-14 2.03517347145381E-02 2.03517347145381E-02 -9.81000000000000E+00
 2.54377662600447E+00 1.07283110208816E-14 2.03517347145381E-02 2.03517347145381E-02 -9.81000000000000E+00
 2.54377698420728E+00 7.28880054220543E-09 2.03482207449891E-02 2.03482207449891E-02 -9.81000000000000E+00
 2.54399606115019E+00 3.99428672018467E-06 1.81990759350380E-02 1.81990759350380E-02 -9.81000000000000E+00
 2.54468079455695E+00 1.33894586423201E-05 1.14818412147736E-02 1.14818412147736E-02 -9.81000000000000E+00
 2.54536552796370E+00 1.86961727742528E-05 4.76460649450922E-03 4.76460649450922E-03 -9.81000000000000E+00
 2.54605026137046E+00 1.95737243001324E-05 -1.95262822575518E-03 -1.95262822575518E-03 -9.81000000000000E+00
 2.54673499477721E+00 1.59085449480089E-05 -8.66986294601958E-03 -8.66986294601958E-03 -9.81000000000000E+00
 2.54785527666847E+00 -1.00030737070823E-14 -1.96598282992364E-02 -1.96598282992364E-02 -9.81000000000000E+00
 2.54785527666847E+00 -1.00030737070823E-14 1.37618798094655E-02 1.37618798094655E-02 -9.81000000000000E+00
 2.54785527666997E+00 1.06577924087246E-14 1.37618797947326E-02 1.37618797947326E-02 -9.81000000000000E+00
 2.54785527666997E+00 1.06577924087246E-14 1.37618797947326E-02 1.37618797947326E-02 -9.81000000000000E+00
 2.54785575703539E+00 6.60847822877338E-09 1.37571674099124E-02 1.37571674099124E-02 -9.81000000000000E+00
 2.54807486805822E+00 2.54998092901598E-06 1.16076882759999E-02 1.16076882759999E-02 -9.81000000000000E+00
 2.54875960401358E+00 7.43181628140488E-06 4.89042855391249E-03 4.89042855391249E-03 -9.81000000000000E+00
 2.54944433996894E+00 8.22516340871935E-06 -1.82683116817491E-03 -1.82683116817491E-03 -9.81000000000000E+00
 2.55012907592430E+00 4.58931495886985E-06 -8.54409089026231E-03 -8.54409089026231E-03 -9.81000000000000E+00
 2.55055782143054E+00 -1.00007879886741E-14 -1.27500843064460E-02 -1.27500843064460E-02 -9.81000000000000E+00
 2.55055782143054E+00 -1.00007879886741E-14 8.92505901451219E-03 8.92505901451219E-03 -9.81000000000000E+00
 2.55055782143281E+00 1.02528897785897E-14 8.92505899223637E-03 8.92505899223637E-03 -9.81000000000000E+00
 2.55055782143281E+00 1.02528897785897E-14 8.92505899223637E-03 8.92505899223637E-03 -9.81000000000000E+00
 2.55055839091031E+00 5.07944907680185E-09 8.91947241799437E-03 8.91947241799437E-03 -9.81000000000000E+00
 2.55077751757352E+00 1.48853186633101E-06 6.76983985181862E-03 6.76983985181862E-03 -9.81000000000000E+00
 2.55146224559859E+00 3.05773579532703E-06 5.26579259197725E-05 5.26579259197725E-05 -9.81000000000000E+00
 2.55214697362366E+00 5.38546200651321E-07 -6.66452399997908E-03 -6.66452399997908E-03 -9.81000000000000E+00
 2.55222111764061E+00 -1.00007646952681E-14 -7.39187680632445E-03 -7.39187680632445E-03 -9.81000000000000E+00
 2.55222111764061E+00 -1.00007646952681E-14 5.17431376442711E-03 5.17431376442711E-03 -9.81000000000000E+00
 2.55222111764452E+00 1.01949354563614E-14 5.17431372611051E-03 5.17431372611051E-03 -9.81000000000000E+00
 2.55222111764452E+00 1.01949354563614E-14 5.17431372611051E-03 5.17431372611051E-03 -9.81000000000000E+00
 2.55222149623675E+00 1.95755905784332E-09 5.17059973637543E-03 5.17059973637543E-03 -9.81000000000000E+00
 2.55244058039591E+00 6.63894961780634E-07 3.02138413497663E-03 3.02138413497663E-03 -9.81000000000000E+00
 2.55302643365362E+00 -1.00819083340327E-14 -2.72583632317980E-03 -2.72583632317980E-03 -9.81000000000000E+00
 2.55302643365362E+00 -1.00819083340327E-14 1.90808542622586E-03 1.90808542622586E-03 -9.81000000000000E+00
 2.55302643366418E+00 1.00537104459700E-14 1.90808532260735E-03 1.90808532260735E-03 -9.81000000000000E+00
 2.55302643366418E+00 1.00537104459700E-14 1.90808532260735E-03 1.90808532260735E-03 -9.81000000000000E+00
 2.55302661326285E+00 3.42383205476212E-10 1.90632345968647E-03 1.90632345968647E-03 -9.81000000000000E+00
 2.55302803095204E+00 -1.00068617575364E-14 1.89241592875566E-03 1.89241592875566E-03 -9.81000000000000E+00
 2.55302803095204E+00 -1.00068617575364E-14 -1.32469115012896E-03 -1.32469115012896E-03 -9.81000000000000E+00
 2.55302816778383E+00 -1.81453541235522E-10 -1.32603346999681E-03 -1.32603346999681E-03 -9.81000000000000E+00
 2.55324702817155E+00 -7.60295370866293E-07 -3.47305387351575E-03 -3.47305387351575E-03 -9.81000000000000E+00
 2.55393146211839E+00 -6.20103321354360E-06 -1.01873508920320E-02 -1.01873508920320E-02 -9.81000000000000E+00
 2.55461589606523E+00 -1.57266535527987E-05 -1.69016479105483E-02 -1.69016479105483E-02 -9.81000000000000E+00
 2.55530033001207E+00 -2.96775632633464E-05 -2.36159449290646E-02 -2.36159449290646E-02 -9.81000000000000E+00
 2.55598476395891E+00 -4.81672313034250E-05 -3.03302419475809E-02 -3.03302419475809E-02 -9.81000000000000E+00
 2.55742796227782E+00 -1.02198066536362E-04 -4.44880174560759E-02 -4.44880174560759E-02 -9.81000000000000E+00
 2.56005301719439E+00 -2.52827850084929E-04 -7.02398061876008E-02 -7.02398061876008E-02 -9.81000000000000E+00
 2.56469601944772E+00 -6.84739167524342E-04 -1.15787658292729E-01 -1.15787658292729E-01 -9.81000000000000E+00
 2.57283900426429E+00 -1.95288761237493E-03 -1.95670339343316E-01 -1.95670339343316E-01 -9.81000000000000E+00
 2.58720056498075E+00 -5.77474843040070E-03 -3.36557249971744E-01 -3.36557249971744E-01 -9.81000000000000E+00
 2.61317627133545E+00 -1.78267033330200E-02 -5.91378929311357E-01 -5.91378929311357E-01 -9.81000000000000E+00
 2.66321834557550E+00 -5.97037470541272E-02 -1.08229167760632E+00 -1.08229167760632E+00 -9.81000000000000E+00
 2.77159079975080E+00 -2.34601668869559E-01 -2.14542545306600E+00 -2.14542545306600E+00 -9.81000000000000E+00
 3.04562021467567E+00 -1.19083843135929E+00 -4.83365401347897E+00 -4.83365401347897E+00 -9.81000000000000E+00
 3.86166141733504E+00 -8.40165346263845E+00 -1.28390182115673E+01 -1.28390182115673E+01 -9.81000000000000E+00
 6.73231306643885E+00 -8.56783486494259E+01 -4.10001108892758E+01 -4.10001108892758E+01 -9.81000000000000E+00
 1.87531104465526E+01 -1.28730277982838E+03 -1.58924133188191E+02 -1.58924133188191E+02 -9.81000000000000E+00
 7.92053026278310E+01 -2.88197784417244E+04 -7.51960138486532E+02 -7.51960138486532E+02 -9.81000000000000E+00
 1.00000000000000E+02 -4.65775793102753E+04 -9.55956119707510E+02 -9.55956119707510E+02 -9.81000000000000E+00
